0 171.81 48.111 61.178 166.6 20.824 22.053 23.195 156.16 163.26 24.689 22.526 9.3309 5.9703 11.723 153.7 153.85 162.58 165.09 168.11 22.597 123.05 193.97 199.37 200.11 88.322 24.021 36.905 133.76 198.66 211.41 165.48 159.58 167.2 153.67 62.619 87.887 130.2 124.17 36.383 195.63 21.367 217.76 34.796 163.3 94.15 88.295 178.36 94.431 86.57 127.46 43.246 64.276 174.4 156.73 98.75 13.543 16.634 125.53 167.25 159.49 91.204 117.69 35.296 30.865 7.1684
171.81 0 150.53 135.36 16.293 176.37 181.68 181.85 16.379 8.5602 193.62 191.36 181.05 177.67 182.57 161.6 152.2 26.754 26.458 25.231 184.18 109.26 24.725 30.667 31.456 83.702 151.38 176.71 85.475 37.348 42.668 162.33 166.16 128.2 177.27 114.47 83.942 44.688 50.887 192.97 33.015 166.58 46.381 143.88 8.7307 165.2 159.44 17.432 103.79 132.88 110.01 140.52 113.06 30.608 171.09 77.741 183.98 186.35 92.303 15.67 15.624 80.609 133.7 184.93 185.05 176.24
48.111 150.53 0 17.047 141.4 67.622 69.917 70.99 136.86 142.22 55.531 53.863 54.812 52.521 51.36 105.68 105.75 148.71 151.18 153.84 43.178 78.318 169.31 174.02 174.69 75.796 52.186 27.881 93.506 170.43 185.34 117.39 111.62 120.53 106.5 68.643 72.468 116.15 111.21 46.146 168.15 28.202 196.68 59.026 141.81 48.74 41.958 152.73 54.612 39.232 82.482 67.278 69.916 145.3 109.03 92.231 51.464 63.49 84.278 150.24 136.05 76.036 69.932 82.485 39.298 46.262
61.178 135.36 17.047 0 125.56 78.978 82.049 83.014 122.27 127.18 71.806 70.013 68.923 66.257 66.3 95.704 94.417 135.26 137.7 140.22 59.618 62.417 153.38 157.96 158.61 65.103 59.343 44.906 76.555 153.97 169.13 106.69 101.87 106.02 99.022 65.4 61.022 103.25 98.748 63.193 151.79 43.394 181.25 63.618 126.68 46.762 39.202 136.73 37.565 26.083 66.721 70.565 66.374 128.82 100.27 82.527 66.664 77.404 67.415 136.01 120.58 64.425 57.251 93.657 56.273 60.656
166.6 16.293 141.4 125.56 0 172.99 178.2 178.47 22.071 15.134 187.34 185.12 175.91 172.53 176.9 145.84 136.33 39.876 40.286 39.806 177.28 94.51 27.934 32.943 33.655 80.078 147.5 168.32 70.256 33.297 44.841 146.28 150.29 111.93 161.72 112.51 79.27 46.815 52.361 185.21 29.661 159.51 56.354 140.92 13.537 152.39 146.97 11.76 91.978 120.68 94.964 138.55 111.24 16.474 155.36 77.651 178.19 181.79 77.614 29.966 8.9309 76.274 119.22 182.6 177.41 170.5
20.824 176.37 67.622 78.978 172.99 0 5.3911 5.4814 160.24 167.91 37.479 36.022 20.06 19.516 26.401 173.24 172.9 164.15 166.6 169.7 40.892 139.35 199.59 205.21 205.97 93.016 25.775 57.492 147.63 205.83 217.41 184.8 179.21 184.39 173.87 62.545 93.79 132.94 126.71 54.014 202.51 42.079 221.4 32.58 168.15 114.67 108.63 184.7 109.18 104.92 143.84 37.775 64.09 182.37 176.63 100.06 28.098 16.377 140.04 170.05 165.29 96.719 136.15 14.864 49.983 26.282
22.053 181.68 69.917 82.049 178.2 5.3911 0 1.2299 165.57 173.22 34.92 33.714 18.883 19.269 25.134 175.59 175.53 169.53 171.99 175.09 39.888 143 204.85 210.47 211.23 98.27 30.809 57.66 151.87 210.99 222.66 187.29 181.5 187.8 175.72 67.927 98.967 138.3 132.08 52.449 207.7 43.367 226.76 37.945 173.45 116.17 110.35 189.91 113.18 107.83 147.47 43.137 69.476 187.46 178.73 105.44 26.62 13.098 144.14 175.42 170.54 101.93 139.04 13.662 49.145 26.331
23.195 181.85 70.99 83.014 178.47 5.4814 1.2299 0 165.71 173.39 36.061 34.879 20.111 20.489 26.358 176.66 176.58 169.53 171.98 175.09 41.114 143.86 205.07 210.69 211.46 98.497 31.187 58.882 152.58 211.3 222.89 188.35 182.59 188.71 176.85 67.955 99.261 138.38 132.15 53.653 207.98 44.527 226.85 38.027 173.63 117.33 111.49 190.18 113.95 108.83 148.34 42.986 69.493 187.82 179.84 105.47 27.838 14.211 144.89 175.48 170.77 102.2 140.04 12.436 50.373 27.547
156.16 16.379 136.86 122.27 22.071 160.24 165.57 165.71 0 8.6654 178.3 176.04 165.35 161.97 167.04 157.05 148.11 20.313 21.62 22.486 169.14 102.53 40.892 46.814 47.605 67.87 135.38 162.48 80.254 51.972 58.929 159.04 162.01 127.01 171.93 98.191 68.453 28.328 34.512 178.34 47.779 151.67 61.603 127.72 9.6932 154.86 148.73 30.081 92.855 122.06 103.9 124.22 96.769 38.496 166.38 61.367 168.49 170.48 85.741 14.633 14.191 65.031 126.15 168.64 170.38 160.75
163.26 8.5602 142.22 127.18 15.134 167.91 173.22 173.39 8.6654 0 185.06 182.8 172.49 169.11 174.01 156.59 147.38 24.768 25.293 25.088 175.64 103.23 32.42 38.314 39.104 75.175 142.87 168.29 79.997 43.338 50.487 157.88 161.33 124.69 171.93 106.11 75.383 36.784 42.898 184.49 39.129 158.06 54.888 135.45 1.6187 157.88 151.99 21.606 96.206 125.37 104.24 132.19 104.72 31.475 166.02 69.591 175.42 177.82 86.293 15.422 9.8362 72.056 127.39 176.58 176.56 167.68
24.689 193.62 55.531 71.806 187.34 37.479 34.92 36.061 178.3 185.06 0 2.2806 18.305 20.594 13.074 156.06 157.83 185.81 188.32 191.3 12.434 133.84 215.03 220.26 220.98 110.87 48.71 31.962 147.96 218.66 232.15 168.44 161.52 175.51 153.25 86.994 109.85 153.14 147.24 19.179 215.86 29.037 239.84 59.464 185 93.176 88.831 199.05 108.45 94.34 138.01 67.761 88.652 193.97 157.62 122.45 11.181 21.875 139.05 189.94 180.66 113.31 124.06 47.535 19.57 18.304
22.526 191.36 53.863 70.013 185.12 36.022 33.714 34.879 176.04 182.8 2.2806 0 16.515 18.625 11.004 155.01 156.65 183.53 186.04 189.02 11.039 132.15 212.8 218.04 218.76 108.6 46.539 30.978 146.06 216.48 229.94 167.36 160.51 174.02 152.44 84.748 107.59 150.86 144.96 19.465 213.67 27.052 237.58 57.318 182.74 92.312 87.824 196.83 106.53 92.793 136.34 65.668 86.406 191.8 156.7 120.18 9.0883 20.789 137.18 187.67 178.43 111.04 122.66 46.575 18.913 16.054
9.3309 181.05 54.812 68.923 175.91 20.06 18.883 20.111 165.35 172.49 18.305 16.515 0 3.3849 6.3516 159.76 160.37 171.52 174.02 177.06 21.032 131.15 203.26 208.67 209.41 97.492 31.897 39.137 142.52 207.99 220.73 171.74 165.54 174.84 158.91 71.026 97.143 139.25 133.19 33.956 204.96 26.816 226.94 42.244 172.55 98.942 93.513 187.67 103.08 93.816 135.52 50.091 72.676 183.72 162.37 107.56 8.0497 8.7058 134.17 176.33 168.79 100.44 124.73 32.49 30.268 8.6115
5.9703 177.67 52.521 66.257 172.53 19.516 19.269 20.489 161.97 169.11 20.594 18.625 3.3849 0 7.7145 157.78 158.21 168.2 170.7 173.73 21.462 128.37 199.88 205.29 206.03 94.118 28.789 38.395 139.46 204.62 217.34 169.69 163.6 172.24 157.24 67.825 93.759 135.9 129.84 34.878 201.59 24.834 223.57 39.275 169.17 97.412 91.82 184.29 100.06 91.358 132.75 47.308 69.478 180.37 160.55 104.26 9.6305 11.15 131.16 172.97 165.4 97.058 122.36 32.918 30.478 7.0728
11.723 182.57 51.36 66.3 176.9 26.401 25.134 26.358 167.04 174.01 13.074 11.004 6.3516 7.7145 0 155.47 156.39 173.9 176.41 179.42 14.76 128.71 204.42 209.75 210.49 99.324 35.71 33.511 141.05 208.66 221.74 167.57 161.17 171.82 154.13 74.301 98.636 141.4 135.41 27.614 205.73 23.166 228.64 46.416 174.01 94.026 88.837 188.65 101.49 90.574 133.02 54.687 75.959 184.2 157.82 110.22 1.9258 13.719 132.48 178.36 169.97 102.02 121.22 38.669 24.038 6.4222
153.7 161.6 105.68 95.704 145.84 173.24 175.59 176.66 157.05 156.59 156.06 155.01 159.76 157.78 155.47 0 10.275 176.64 178.36 179.52 144.05 56.597 166.46 168.12 168.4 136.63 155.04 124.1 76.797 157.45 174.72 12.724 6.3065 43.459 17.436 153.73 131.19 154.78 153.82 140.06 157.9 132.98 196.71 158.89 155.25 63.653 67.247 152.16 82.714 69.966 54.075 165.1 154.14 137.65 9.56 153.15 155.16 168.46 72.145 171.14 146.87 132.87 40.933 188.1 136.69 151.15
153.85 152.2 105.75 94.417 136.33 172.9 175.53 176.58 148.11 147.38 157.83 156.65 160.37 158.21 156.39 10.275 0 167.87 169.53 170.6 145.63 49.324 156.53 158.1 158.38 130.88 153.6 125.96 67.941 147.33 164.58 13.03 13.968 33.457 27.693 149.75 125.45 146.94 146.27 142.58 147.83 133.56 186.73 156.78 146.01 67.041 69.614 142.4 77.58 68.353 46.315 162.55 150.07 127.78 19.648 146.96 156.21 169.07 64.008 162.08 137.62 126.92 37.658 187.71 138.69 151.76
162.58 26.754 148.71 135.26 39.876 164.15 169.53 169.53 20.313 24.768 185.81 183.53 171.52 168.2 173.9 176.64 167.87 0 2.5208 5.5578 177.58 121.47 48.763 54.41 55.15 75.262 140.4 172.96 99.927 63.389 65.226 178.97 181.72 147.29 191.21 101.63 77.213 32.934 38.613 187.78 59.037 160.61 59.434 131.67 26.382 170.96 164.49 44.145 108.96 137.91 123.11 126.88 100.07 56.044 185.9 64.194 175.48 175.82 104.88 11.226 33.646 73.608 144.51 171 179.78 167.79
165.09 26.458 151.18 137.7 40.286 166.6 171.99 171.98 21.62 25.293 188.32 186.04 174.02 170.7 176.41 178.36 169.53 2.5208 0 3.141 180.1 123.35 47.656 53.216 53.944 77.783 142.89 175.47 101.6 62.59 63.815 180.56 183.4 148.61 193.02 104.09 79.727 35.452 41.133 190.3 58.247 163.14 57.308 134.13 26.911 173.22 166.78 43.89 111.2 140.19 124.92 129.31 102.53 56.265 187.64 66.669 177.99 178.3 106.71 10.789 34.492 76.122 146.5 173.4 182.29 170.31
168.11 25.231 153.84 140.22 39.806 169.7 175.09 175.09 22.486 25.088 191.3 189.02 177.06 173.73 179.42 179.52 170.6 5.5578 3.141 0 183.03 124.77 45.417 50.88 51.595 80.691 145.96 178.25 102.72 60.641 61.261 181.51 184.5 149.19 194.32 107.19 82.554 38.323 44.081 193.17 56.315 166.03 54.228 137.23 26.691 175.34 168.95 42.592 113.28 142.33 126.25 132.43 105.63 55.491 188.84 69.751 180.99 181.37 108.05 9.8509 34.605 78.954 148.1 176.53 185.16 173.3
22.597 184.18 43.178 59.618 177.28 40.892 39.888 41.114 169.14 175.64 12.434 11.039 21.032 21.462 14.76 144.05 145.63 177.58 180.1 183.03 0 121.49 205.09 210.22 210.93 102.35 44.988 20.172 135.97 208.18 222.01 156.37 149.57 163.07 141.69 81.065 100.89 144.73 138.97 13.791 205.49 17.821 230.51 55.887 175.5 81.525 76.897 188.94 96.542 81.909 125.64 64.8 82.707 183.35 145.83 115.04 13.412 28.132 126.97 181.19 170.86 104.42 111.66 53.425 9.2966 15.509
123.05 109.26 78.318 62.417 94.51 139.35 143 143.86 102.53 103.23 133.84 132.15 131.15 128.37 128.71 56.597 49.324 121.47 123.35 124.77 121.49 0 118.62 121.49 121.93 82.482 116.55 104.62 24.898 113.15 130.26 61.958 62.314 45.966 69.929 104.77 77.1 98.241 97.228 123.03 112.47 105.79 149.08 117.25 102.04 63.822 60.709 102.79 32.149 40.769 4.5299 121.44 104.82 89.922 65.362 97.976 129.08 139.51 16.962 116.99 93.872 78.269 24.96 153.52 117 123
193.97 24.725 169.31 153.38 27.934 199.59 204.85 205.07 40.892 32.42 215.03 212.8 203.26 199.88 204.42 166.46 156.53 48.763 47.656 45.417 205.09 118.62 0 5.9419 6.7312 106.59 174.31 196.25 93.786 16.479 18.07 165.29 170.34 128.85 183.05 138.21 106.25 69.186 75.317 213.13 12.692 187.34 30.52 167.26 31.855 178.67 173.56 16.718 119.22 147.55 118.45 164.31 136.85 28.976 176.02 101.97 205.75 208.93 102.11 37.803 34.474 103.1 143.58 208.63 205.31 198.04
199.37 30.667 174.02 157.96 32.943 205.21 210.47 210.69 46.814 38.314 220.26 218.04 208.67 205.29 209.75 168.12 158.1 54.41 53.216 50.88 210.22 121.49 5.9419 0 0.79063 112.2 179.88 201.1 96.596 13.529 12.243 166.52 171.82 129.68 184.87 143.96 111.75 75.093 81.211 218.09 10.926 192.45 28.676 172.92 37.711 182.24 177.27 21.333 123.36 151.45 121.12 170.06 142.61 31.571 177.67 107.82 211.06 214.42 105.17 43.548 39.959 108.64 146.44 214.36 210.31 203.36
200.11 31.456 174.69 158.61 33.655 205.97 211.23 211.46 47.605 39.104 220.98 218.76 209.41 206.03 210.49 168.4 158.38 55.15 53.944 51.595 210.93 121.93 6.7312 0.79063 0 112.96 180.64 201.77 97.034 13.336 11.465 166.74 172.08 129.86 185.17 144.73 112.51 75.883 82 218.78 10.966 193.15 28.467 173.69 38.499 182.76 177.81 22.021 123.96 152.01 121.54 170.84 143.39 32.025 177.95 108.6 211.79 215.16 105.64 44.303 40.715 109.39 146.88 215.13 211 204.09
88.322 83.702 75.796 65.103 80.078 93.016 98.27 98.497 67.87 75.175 110.87 108.6 97.492 94.118 99.324 136.63 130.88 75.262 77.783 80.691 102.35 82.482 106.59 112.2 112.96 0 67.745 98.254 75.201 113.13 124.4 143.82 142.78 125.22 146.49 33.243 5.4447 42.385 36.685 112.58 109.69 85.363 129.45 60.839 75.324 108.26 100.9 91.741 54.156 76.912 86.343 58.853 32.216 90.457 144.25 17.915 100.82 102.65 72.413 79.076 72.278 5.0048 96.632 102.58 104.57 93.086
24.021 151.38 52.186 59.343 147.5 25.775 30.809 31.187 135.38 142.87 48.71 46.539 31.897 28.789 35.71 155.04 153.6 140.4 142.89 145.96 44.988 116.55 174.31 179.88 180.64 67.745 0 53.429 123.03 180.22 192.05 165.98 161.2 162.21 157.7 39.242 68.234 108.55 102.39 58.472 176.95 35.281 196.79 10.916 143.05 100.93 94.073 159.23 85.426 85.285 121.08 19.863 40.882 156.65 159.42 76.238 37.557 35.417 115.84 145.72 139.92 71.255 116.14 37.934 51.687 30.736
36.905 176.71 27.881 44.906 168.32 57.492 57.66 58.882 162.48 168.29 31.962 30.978 39.137 38.395 33.511 124.1 125.96 172.96 175.47 178.25 20.172 104.62 196.25 201.1 201.77 98.254 53.429 0 121.11 197.91 212.56 136.49 129.56 144.65 121.52 83.131 95.79 140.07 134.71 18.48 195.52 18.148 223.04 63.481 167.98 61.364 56.871 179.77 82.461 64.182 108.58 72.684 84.669 172.81 125.73 113.08 32.654 47.228 111.75 175.38 162.6 99.403 92.848 71.312 12.811 31.357
133.76 85.475 93.506 76.555 70.256 147.63 151.87 152.58 80.254 79.997 147.96 146.06 142.52 139.46 141.05 76.797 67.941 99.927 101.6 102.72 135.97 24.898 93.786 96.596 97.034 75.201 123.03 121.11 0 88.337 105.4 79.258 81.798 51.741 91.934 103.29 70.34 80.518 80.781 139.55 87.591 119.06 124.27 121.52 78.707 87.534 83.622 78.09 39.578 60.385 24.77 123.95 102.95 65.034 86.148 87.69 141.72 150.39 9.7451 94.377 70.381 70.363 49.849 160.92 132.8 134.93
198.66 37.348 170.43 153.97 33.297 205.83 210.99 211.3 51.972 43.338 218.66 216.48 207.99 204.62 208.66 157.45 147.33 63.389 62.59 60.641 208.18 113.15 16.479 13.529 13.336 113.13 180.22 197.91 88.337 0 17.333 155.23 160.9 117.99 174.42 145.74 112.04 79.31 85.128 215.33 4.3544 190.36 40.798 173.93 42.3 175.23 170.65 22.247 118.16 145.39 112.38 171.76 144.49 25.157 166.96 110.87 209.88 214.14 97.378 52.184 41.833 109.17 137.99 215.7 207.68 202.24
211.41 42.668 185.34 169.13 44.841 217.41 222.66 222.89 58.929 50.487 232.15 229.94 220.73 217.34 221.74 174.72 164.58 65.226 63.815 61.261 222.01 130.26 18.07 12.243 11.465 124.4 192.05 212.56 105.4 17.333 0 172.34 178.11 134.94 191.72 156.2 123.89 87.241 93.381 229.69 17.883 204.22 25.728 185.14 49.922 191.95 187.21 33.104 133.99 161.68 129.58 182.3 154.85 41.099 184.22 120.04 223.03 226.53 114.31 54.701 52.128 120.8 155.14 226.59 221.94 215.34
165.48 162.33 117.39 106.69 146.28 184.8 187.29 188.35 159.04 157.88 168.44 167.36 171.74 169.69 167.57 12.724 13.03 178.97 180.56 181.51 156.37 61.958 165.29 166.52 166.74 143.82 165.98 136.49 79.258 155.23 172.34 0 9.3404 37.944 25.742 162.75 138.39 158.98 158.5 152.61 156.02 144.93 195.19 169.4 156.47 76.298 79.702 151.74 90.606 80.702 58.731 175.3 163.07 136.84 16.719 159.79 167.31 180.45 76.051 172.79 148.07 139.82 50.41 199.64 149.12 163.13
159.58 166.16 111.62 101.87 150.29 179.21 181.5 182.59 162.01 161.33 161.52 160.51 165.54 163.6 161.17 6.3065 13.968 181.72 183.4 184.5 149.57 62.314 170.34 171.82 172.08 142.78 161.2 129.56 81.798 160.9 178.11 9.3404 0 45.089 16.586 160.03 137.33 160.35 159.51 145.29 161.49 138.78 200.47 165.13 159.97 68.762 72.69 156.31 88.922 76.195 59.611 171.37 160.44 141.63 7.509 159.22 160.83 174.23 77.546 176.01 151.58 138.98 47.232 194.08 142.09 156.93
167.2 128.2 120.53 106.02 111.93 184.39 187.8 188.71 127.01 124.69 175.51 174.02 174.84 172.24 171.82 43.459 33.457 147.29 148.61 149.19 163.07 45.966 128.85 129.68 129.86 125.22 162.21 144.65 51.741 117.99 134.94 37.944 45.089 0 60.797 150.08 120.05 131.56 132.24 162.5 119.02 148.66 158.32 163.19 123.19 91.713 92.057 116.18 78.056 81.307 41.459 167.39 150.02 100.98 52.137 138.92 171.98 183.38 52.811 139.97 114.87 120.6 52.008 198.77 157.41 166.45
153.67 177.27 106.5 99.022 161.72 173.87 175.72 176.85 171.93 171.93 153.25 152.44 158.91 157.24 154.13 17.436 27.693 191.21 193.02 194.32 141.69 69.929 183.05 184.87 185.17 146.49 157.7 121.52 91.934 174.42 191.72 25.742 16.586 60.797 0 160.58 141.08 167.87 166.47 136.13 174.76 132.47 213.4 162.63 170.64 60.179 65.422 168.46 92.37 74.66 68.101 169.5 161.15 154.14 9.0771 163.59 153.61 167.52 86.325 186.21 162.3 143.09 49.954 188.7 133.69 150.38
62.619 114.47 68.643 65.4 112.51 62.545 67.927 67.955 98.191 106.11 86.994 84.748 71.026 67.825 74.301 153.73 149.75 101.63 104.09 107.19 81.065 104.77 138.21 143.96 144.73 33.243 39.242 83.131 103.29 145.74 156.2 162.75 160.03 150.08 160.58 0 35.931 70.522 64.27 93.413 142.17 66.655 159.01 30.041 106.48 112.16 104.6 124.02 72.981 86.23 109.11 26.104 1.6588 123.54 160.08 37.512 76.053 74.515 98.503 107.55 104.35 37.862 112.8 70.468 85.747 68.693
87.887 83.942 72.468 61.022 79.27 93.79 98.967 99.261 68.453 75.383 109.85 107.59 97.143 93.759 98.636 131.19 125.45 77.213 79.727 82.554 100.89 77.1 106.25 111.75 112.51 5.4447 68.234 95.79 70.34 112.04 123.89 138.39 137.33 120.05 141.08 35.931 0 44.293 38.961 110.66 108.73 83.626 130.03 62.053 75.416 103.47 96.149 91.005 48.731 71.852 80.987 60.846 35.091 88.826 138.81 22.975 100.06 102.68 67.275 80.314 71.8 3.6135 91.207 103.95 102.65 92.322
130.2 44.688 116.15 103.25 46.815 132.94 138.3 138.38 28.328 36.784 153.14 150.86 139.25 135.9 141.4 154.78 146.94 32.934 35.452 38.323 144.73 98.241 69.186 75.093 75.883 42.385 108.55 140.07 80.518 79.31 87.241 158.98 160.35 131.56 167.87 70.522 44.293 0 6.2701 154.85 75.28 127.7 88.486 100.36 37.48 141.3 134.5 57.069 80.173 108.3 100.74 96.384 69.042 61.567 163.6 33.254 142.94 143.89 82.953 37.168 37.897 40.684 119.11 140.81 146.85 135.23
124.17 50.887 111.21 98.748 52.361 126.71 132.08 132.15 34.512 42.898 147.24 144.96 133.19 129.84 135.41 153.82 146.27 38.613 41.133 44.081 138.97 97.228 75.317 81.211 82 36.685 102.39 134.71 80.781 85.128 93.381 158.5 159.51 132.24 166.47 64.27 38.961 6.2701 0 149.26 81.146 122.05 94.737 94.133 43.539 137.88 130.95 62.882 77.394 105 99.96 90.117 62.785 66.658 162.5 26.985 136.97 137.76 82.486 43.353 43.492 35.349 117.28 134.54 141.25 129.27
36.383 192.97 46.146 63.193 185.21 54.014 52.449 53.653 178.34 184.49 19.179 19.465 33.956 34.878 27.614 140.06 142.58 187.78 190.3 193.17 13.791 123.03 213.13 218.09 218.78 112.58 58.472 18.48 139.55 215.33 229.69 152.61 145.29 162.5 136.13 93.413 110.66 154.85 149.26 0 212.84 27.357 239.35 69.323 184.26 76.545 72.999 196.76 100.75 82.487 126.96 78.328 95.036 190.3 140.98 126.2 25.94 39.904 130.22 190.84 179.19 114.24 110.56 65.684 8.0061 29.271
195.63 33.015 168.15 151.79 29.661 202.51 207.7 207.98 47.779 39.129 215.86 213.67 204.96 201.59 205.73 157.9 147.83 59.037 58.247 56.315 205.49 112.47 12.692 10.926 10.966 109.69 176.95 195.52 87.591 4.3544 17.883 156.02 161.49 119.02 174.76 142.17 108.73 75.28 81.146 212.84 0 187.68 39.32 170.52 38.128 174.07 169.34 18.31 116.33 143.87 111.87 168.21 140.9 23.282 167.43 107.05 206.97 211.02 96.454 47.83 38.013 105.8 137.38 212.24 205.14 199.32
21.367 166.58 28.202 43.394 159.51 42.079 43.367 44.527 151.67 158.06 29.037 27.052 26.816 24.834 23.166 132.98 133.56 160.61 163.14 166.03 17.821 105.79 187.34 192.45 193.15 85.363 35.281 18.148 119.06 190.36 204.22 144.93 138.78 148.66 132.47 66.655 83.626 127.7 122.05 27.357 187.68 0 212.94 45.395 157.89 72.807 67.054 171.16 79.501 67.408 110.06 54.605 68.249 165.53 135.72 98.846 23.351 35.522 110.24 163.92 153.15 87.189 98.107 56.66 19.412 18.207
217.76 46.381 196.68 181.25 56.354 221.4 226.76 226.85 61.603 54.888 239.84 237.58 226.94 223.57 228.64 196.71 186.73 59.434 57.308 54.228 230.51 149.08 30.52 28.676 28.467 129.45 196.79 223.04 124.27 40.798 25.728 195.19 200.47 158.32 213.4 159.01 130.03 88.486 94.737 239.35 39.32 212.94 0 188.82 55.097 208.56 203.25 46.483 148.32 177.02 148.96 184.81 157.52 59.479 206.27 121.62 230.08 231.99 132.49 51.611 60.676 126.62 174.02 229.19 231.43 222.34
34.796 143.88 59.026 63.618 140.92 32.58 37.945 38.027 127.72 135.45 59.464 57.318 42.244 39.275 46.416 158.89 156.78 131.67 134.13 137.23 55.887 117.25 167.26 172.92 173.69 60.839 10.916 63.481 121.52 173.93 185.14 169.4 165.13 163.19 162.63 30.041 62.053 100.36 94.133 69.323 170.52 45.395 188.82 0 135.72 107.44 100.33 152.57 85.438 88.932 121.78 9.2103 31.618 150.88 163.8 67.523 48.288 44.791 114.96 137.47 133.06 64.783 119.14 41.915 62.429 41.611
163.3 8.7307 141.81 126.68 13.537 168.15 173.45 173.63 9.6932 1.6187 185 182.74 172.55 169.17 174.01 155.25 146.01 26.382 26.911 26.691 175.5 102.04 31.855 37.711 38.499 75.324 143.05 167.98 78.707 42.3 49.922 156.47 159.97 123.19 170.64 106.48 75.416 37.48 43.539 184.26 38.128 157.89 55.097 135.72 0 157.01 151.17 20.399 95.42 124.56 103 132.57 105.1 29.91 164.69 70.113 175.4 177.94 85.095 16.999 8.403 72.12 126.26 176.94 176.34 167.67
94.15 165.2 48.74 46.762 152.39 114.67 116.17 117.33 154.86 157.88 93.176 92.312 98.942 97.412 94.026 63.653 67.041 170.96 173.22 175.34 81.525 63.822 178.67 182.24 182.76 108.26 100.93 61.364 87.534 175.23 191.95 76.298 68.762 91.713 60.179 112.16 103.47 141.3 137.88 76.545 174.07 72.807 208.56 107.44 157.01 0 7.5824 162.17 62.08 33.073 66.052 115.32 113.13 150.93 64.501 126.16 93.464 107.5 78.081 169.39 149.62 106.47 42.01 129.4 73.64 90.47
88.295 159.44 41.958 39.202 146.97 108.63 110.35 111.49 148.73 151.99 88.831 87.824 93.513 91.82 88.837 67.247 69.614 164.49 166.78 168.95 76.897 60.709 173.56 177.27 177.81 100.9 94.073 56.871 83.622 170.65 187.21 79.702 72.69 92.057 65.422 104.6 96.149 134.5 130.95 72.999 169.34 67.054 203.25 100.33 151.17 7.5824 0 156.98 55.879 26.675 63.36 108.1 105.56 146.13 69.012 118.78 88.389 102.14 74.01 163.2 143.91 99.189 40.853 123.42 69.441 84.966
178.36 17.432 152.73 136.73 11.76 184.7 189.91 190.18 30.081 21.606 199.05 196.83 187.67 184.29 188.65 152.16 142.4 44.145 43.89 42.592 188.94 102.79 16.718 21.333 22.021 91.741 159.23 179.77 78.09 22.247 33.104 151.74 156.31 116.18 168.46 124.02 91.005 57.069 62.882 196.76 18.31 171.16 46.483 152.57 20.399 162.17 156.98 0 102.51 130.9 102.85 150.1 122.73 15.344 161.72 88.742 189.93 193.55 86.099 33.102 19.728 87.987 127.69 194.22 188.98 182.24
94.431 103.79 54.612 37.565 91.978 109.18 113.18 113.95 92.855 96.206 108.45 106.53 103.08 100.06 101.49 82.714 77.58 108.96 111.2 113.28 96.542 32.149 119.22 123.36 123.96 54.156 85.426 82.461 39.578 118.16 133.99 90.606 88.922 78.056 92.37 72.981 48.731 80.173 77.394 100.75 116.33 79.501 148.32 85.438 95.42 62.08 55.879 102.51 0 29.208 36.619 89.35 73.129 93.09 90.133 71.25 102.15 111.06 31.102 107.34 88.342 50.727 42.477 122.94 93.754 95.406
86.57 132.88 39.232 26.083 120.68 104.92 107.83 108.83 122.06 125.37 94.34 92.793 93.816 91.358 90.574 69.966 68.353 137.91 140.19 142.33 81.909 40.769 147.55 151.45 152.01 76.912 85.285 64.182 60.385 145.39 161.68 80.702 76.195 81.307 74.66 86.23 71.852 108.3 105 82.487 143.87 67.408 177.02 88.932 124.56 33.073 26.675 130.9 29.208 0 44.54 95.288 86.9 120.59 75.063 94.796 90.696 102.44 50.644 136.53 117.38 74.622 31.231 119.65 76.752 85.339
127.46 110.01 82.482 66.721 94.964 143.84 147.47 148.34 103.9 104.24 138.01 136.34 135.52 132.75 133.02 54.075 46.315 123.11 124.92 126.25 125.64 4.5299 118.45 121.12 121.54 86.343 121.08 108.58 24.77 112.38 129.58 58.731 59.611 41.459 68.101 109.11 80.987 100.74 99.96 126.96 111.87 110.06 148.96 121.78 103 66.052 63.36 102.85 36.619 44.54 0 125.93 109.14 89.604 63.068 101.58 133.37 143.9 18.226 118.26 94.749 82.052 25.728 158.02 121.02 127.34
43.246 140.52 67.278 70.565 138.55 37.775 43.137 42.986 124.22 132.19 67.761 65.668 50.091 47.308 54.687 165.1 162.55 126.88 129.31 132.43 64.8 121.44 164.31 170.06 170.84 58.853 19.863 72.684 123.95 171.76 182.3 175.3 171.37 167.39 169.5 26.104 60.846 96.384 90.117 78.328 168.21 54.605 184.81 9.2103 132.57 115.32 108.1 150.1 89.35 95.288 125.93 0 27.468 149.31 170.34 63.182 56.588 51.647 117.94 133.26 130.44 63.205 124.91 44.432 71.533 50.221
64.276 113.06 69.916 66.374 111.24 64.09 69.476 69.493 96.769 104.72 88.652 86.406 72.676 69.478 75.959 154.14 150.07 100.07 102.53 105.63 82.707 104.82 136.85 142.61 143.39 32.216 40.882 84.669 102.95 144.49 154.85 163.07 160.44 150.02 161.15 1.6588 35.091 69.042 62.785 95.036 140.9 68.249 157.52 31.618 105.1 113.13 105.56 122.73 73.129 86.9 109.14 27.468 0 122.39 160.56 35.98 77.712 76.137 98.299 106.05 103.05 36.905 113.21 71.874 87.36 70.352
174.4 30.608 145.3 128.82 16.474 182.37 187.46 187.82 38.496 31.475 193.97 191.8 183.72 180.37 184.2 137.65 127.78 56.044 56.265 55.491 183.35 89.922 28.976 31.571 32.025 90.457 156.65 172.81 65.034 25.157 41.099 136.84 141.63 100.98 154.14 123.54 88.826 61.567 66.658 190.3 23.282 165.53 59.479 150.88 29.91 150.93 146.13 15.344 93.09 120.59 89.604 149.31 122.39 0 147.21 90.49 185.37 190.09 73.617 45.667 24.726 86.193 114.88 192.78 182.68 177.77
156.73 171.09 109.03 100.27 155.36 176.63 178.73 179.84 166.38 166.02 157.62 156.7 162.37 160.55 157.82 9.56 19.648 185.9 187.64 188.84 145.83 65.362 176.02 177.67 177.95 144.25 159.42 125.73 86.148 166.96 184.22 16.719 7.509 52.137 9.0771 160.08 138.81 163.6 162.5 140.98 167.43 135.72 206.27 163.8 164.69 64.501 69.012 161.72 90.133 75.063 63.068 170.34 160.56 147.21 0 161.01 157.39 171.03 81.229 180.52 156.31 140.63 47.787 191.49 138.11 153.79
98.75 77.741 92.231 82.527 77.651 100.06 105.44 105.47 61.367 69.591 122.45 120.18 107.56 104.26 110.22 153.15 146.96 64.194 66.669 69.751 115.04 97.976 101.97 107.82 108.6 17.915 76.238 113.08 87.69 110.87 120.04 159.79 159.22 138.92 163.59 37.512 22.975 33.254 26.985 126.2 107.05 98.846 121.62 67.523 70.113 126.16 118.78 88.742 71.25 94.796 101.58 63.182 35.98 90.49 161.01 0 111.87 111.65 86.338 70.092 69.046 20.547 113.64 107.58 118.25 104.26
13.543 183.98 51.464 66.664 178.19 28.098 26.62 27.838 168.49 175.42 11.181 9.0883 8.0497 9.6305 1.9258 155.16 156.21 175.48 177.99 180.99 13.412 129.08 205.75 211.06 211.79 100.82 37.557 32.654 141.72 209.88 223.03 167.31 160.83 171.98 153.61 76.053 100.06 142.94 136.97 25.94 206.97 23.351 230.08 48.288 175.4 93.464 88.389 189.93 102.15 90.696 133.37 56.588 77.712 185.37 157.39 111.87 0 14.756 133.09 179.87 171.31 103.46 121.23 40.07 22.708 7.7406
16.634 186.35 63.49 77.404 181.79 16.377 13.098 14.211 170.48 177.82 21.875 20.789 8.7058 11.15 13.719 168.46 169.07 175.82 178.3 181.37 28.132 139.51 208.93 214.42 215.16 102.65 35.417 47.228 150.39 214.14 226.53 180.45 174.23 183.38 167.52 74.515 102.68 143.89 137.76 39.904 211.02 35.522 231.99 44.791 177.94 107.5 102.14 193.55 111.06 102.44 143.9 51.647 76.137 190.09 171.03 111.65 14.756 0 142.16 181.05 174.47 105.87 133.39 25.81 37.411 17.316
125.53 92.303 84.278 67.415 77.614 140.04 144.14 144.89 85.741 86.293 139.05 137.18 134.17 131.16 132.48 72.145 64.008 104.88 106.71 108.05 126.97 16.962 102.11 105.17 105.64 72.413 115.84 111.75 9.7451 97.378 114.31 76.051 77.546 52.811 86.325 98.503 67.275 82.953 82.486 130.22 96.454 110.24 132.49 114.96 85.095 78.081 74.01 86.099 31.102 50.644 18.226 117.94 98.299 73.617 81.229 86.338 133.09 142.16 0 100.15 76.913 67.785 41.635 153.59 123.57 126.44
167.25 15.67 150.24 136.01 29.966 170.05 175.42 175.48 14.633 15.422 189.94 187.67 176.33 172.97 178.36 171.14 162.08 11.226 10.789 9.8509 181.19 116.99 37.803 43.548 44.303 79.076 145.72 175.38 94.377 52.184 54.701 172.79 176.01 139.97 186.21 107.55 80.314 37.168 43.353 190.84 47.83 163.92 51.611 137.47 16.999 169.39 163.2 33.102 107.34 136.53 118.26 133.26 106.05 45.667 180.52 70.092 179.87 181.05 100.15 0 25.132 76.778 140.72 177.61 182.85 172.15
159.49 15.624 136.05 120.58 8.9309 165.29 170.54 170.77 14.191 9.8362 180.66 178.43 168.79 165.4 169.97 146.87 137.62 33.646 34.492 34.605 170.86 93.872 34.474 39.959 40.715 72.278 139.92 162.6 70.381 41.833 52.128 148.07 151.58 114.87 162.3 104.35 71.8 37.897 43.492 179.19 38.013 153.15 60.676 133.06 8.403 149.62 143.91 19.728 88.342 117.38 94.749 130.44 103.05 24.726 156.31 69.046 171.31 174.47 76.913 25.132 0 68.679 118.2 174.62 171.33 163.59
91.204 80.609 76.036 64.425 76.274 96.719 101.93 102.2 65.031 72.056 113.31 111.04 100.44 97.058 102.02 132.87 126.92 73.608 76.122 78.954 104.42 78.269 103.1 108.64 109.39 5.0048 71.255 99.403 70.363 109.17 120.8 139.82 138.98 120.6 143.09 37.862 3.6135 40.684 35.349 114.24 105.8 87.189 126.62 64.783 72.12 106.47 99.189 87.987 50.727 74.622 82.052 63.205 36.905 86.193 140.63 20.547 103.46 105.87 67.785 76.778 68.679 0 93.157 106.64 106.24 95.72
117.69 133.7 69.932 57.251 119.22 136.15 139.04 140.04 126.15 127.39 124.06 122.66 124.73 122.36 121.22 40.933 37.658 144.51 146.5 148.1 111.66 24.96 143.58 146.44 146.88 96.632 116.14 92.848 49.849 137.99 155.14 50.41 47.232 52.008 49.954 112.8 91.207 119.11 117.28 110.56 137.38 98.107 174.02 119.14 126.26 42.01 40.853 127.69 42.477 31.231 25.728 124.91 113.21 114.88 47.787 113.64 121.23 133.39 41.635 140.72 118.2 93.157 0 150.88 105.64 116.19
35.296 184.93 82.485 93.657 182.6 14.864 13.662 12.436 168.64 176.58 47.535 46.575 32.49 32.918 38.669 188.1 187.71 171 173.4 176.53 53.425 153.52 208.63 214.36 215.13 102.58 37.934 71.312 160.92 215.7 226.59 199.64 194.08 198.77 188.7 70.468 103.95 140.81 134.54 65.684 212.24 56.66 229.19 41.915 176.94 129.4 123.42 194.22 122.94 119.65 158.02 44.432 71.874 192.78 191.49 107.58 40.07 25.81 153.59 177.61 174.62 106.64 150.88 0 62.707 39.967
30.865 185.05 39.298 56.273 177.41 49.983 49.145 50.373 170.38 176.56 19.57 18.913 30.268 30.478 24.038 136.69 138.69 179.78 182.29 185.16 9.2966 117 205.31 210.31 211 104.57 51.687 12.811 132.8 207.68 221.94 149.12 142.09 157.41 133.69 85.747 102.65 146.85 141.25 8.0061 205.14 19.412 231.43 62.429 176.34 73.64 69.441 188.98 93.754 76.752 121.02 71.533 87.36 182.68 138.11 118.25 22.708 37.411 123.57 182.85 171.33 106.24 105.64 62.707 0 24.07
7.1684 176.24 46.262 60.656 170.5 26.282 26.331 27.547 160.75 167.68 18.304 16.054 8.6115 7.0728 6.4222 151.15 151.76 167.79 170.31 173.3 15.509 123 198.04 203.36 204.09 93.086 30.736 31.357 134.93 202.24 215.34 163.13 156.93 166.45 150.38 68.693 92.322 135.23 129.27 29.271 199.32 18.207 222.34 41.611 167.67 90.47 84.966 182.24 95.406 85.339 127.34 50.221 70.352 177.77 153.79 104.26 7.7406 17.316 126.44 172.15 163.59 95.72 116.19 39.967 24.07 0
