0	340.48	170.41	174.83	272.6	840.29	656.67	332.45	331.41	114.51	499.61	160.42	233.74	423.97	258.14	477.2	732.87	733.13	371.63	257.07	87.303	273.05	632.12	526.93	586.8	675.7	382.91	602.81	292.35	356.66	415.98	76.307	488.49	624.41	179.19	246.64	507.25	189.73	581.76	661.52	662.31	341.12	560.86	419.37	305.98	700.81	702.21	449.54	355.84	434.02	537.65	424.22	298.1	605	670.86	785.32	377.42	755.64	758.78	378.17	268.66	268.29	161.12	321.7	630.03	435.88	383.24	293.52	421.73	384.84	47.435	334.37	349.7	281.16	97.859	103.04	140.22	221.6	221.42	117.57	314.75
340.48	0	170.06	165.66	514.64	723.6	738.59	44.109	474.84	263.65	604.45	377.74	225.67	485.97	351.9	319.01	646.02	646.37	366.15	83.507	253.19	104.74	580.14	524.28	633.54	673.84	148.62	489.35	54.87	249.3	536.66	349.52	416.73	634.07	298.9	421.56	561.24	180.21	674.06	702.58	703.95	415.72	500.57	332.53	169.76	655.61	656.99	445.04	69.303	436.8	405.22	233.64	291.78	602.87	571.85	684.77	445.97	651.13	657.37	499.32	461.13	84.167	243.89	95.531	748.44	100.33	42.901	64.09	563.41	45.956	360.84	26.608	55.987	83.236	434.88	440.55	460.02	492.23	492.6	457.43	50.732
170.41	170.06	0	4.6831	374.97	765.17	677.63	164.97	372.29	111.05	527.61	235	154.07	422.89	257.27	368.2	669.27	669.58	327.07	86.703	83.135	117.14	582.09	497.07	586.24	652.74	235.06	521.71	123.4	256.07	448.82	187.2	420.67	605.6	178.07	300.42	506.95	72.287	606.01	660.61	661.73	339.87	503.34	337.76	179.3	656.67	658.1	413.43	191.42	400.56	444.33	296.88	240.67	579.25	599.39	716.58	376.26	684.22	688.93	408.76	336.74	102.49	117.11	165.06	670.38	266.35	212.84	126.98	467.51	214.59	193.12	165.01	183.56	118.29	265.46	271.06	294.49	341.67	341.88	287.48	147.68
174.83	165.66	4.6831	0	377.24	762.16	677.22	161.15	372.93	113.37	527.56	237.19	152.4	422.24	257.26	364.64	666.6	666.92	325.44	82.245	87.534	112.69	579.85	495.49	585.33	651.16	230.65	518.71	119.41	252.99	449.04	190.61	418.16	604.17	178.83	301.68	506.16	70.543	605.76	659.61	660.74	339.45	500.99	335.02	175.65	654.52	655.95	411.82	186.74	399.05	441.09	292.93	239.04	577.66	596.57	713.76	375.72	681.35	686.1	409.02	338.23	97.807	117.64	160.51	670.5	261.78	208.47	123.34	468.06	210.1	197.08	160.92	179.86	115.1	270.02	275.62	298.28	344.48	344.7	291.82	143.92
272.6	514.64	374.97	377.24	0	720.1	422.2	527.68	137.1	263.92	273.09	140.12	300.81	257.12	195.94	469.9	603.98	604.14	296.12	441.51	316.63	413.67	494.46	376.77	384.54	493.01	473.72	520.26	485.6	375.55	200	204.71	408.05	441.94	216.53	108.23	317.43	335.64	349.78	451.56	451.87	212.6	447.01	383.03	387.43	545.6	546.8	329.45	493.08	314.9	488.57	464.24	285.43	435.01	562.02	659.47	229.36	636.94	637.23	178.24	75.41	430.53	271.46	447.76	378.73	584.82	554.09	494.32	186.39	548.06	225.19	521.52	547.83	490.16	279.17	277.7	164.79	59.374	60.02	235.74	512.53
840.29	723.6	765.17	762.16	720.1	0	439.99	767.45	583.38	732.47	488.94	709.31	621.02	462.99	590.12	406.86	116.3	116.15	469.66	736	796.79	669	225.75	343.38	377.34	271.96	575.22	243.46	755.78	509.21	530.49	776.55	352.2	306.82	661.35	643.8	414.12	696.17	458.6	355.58	356.7	522.56	282.27	428.9	590.56	189.89	189.19	400.91	654.3	416.83	323.24	490.95	543.73	297.86	169.43	61.111	495.46	85.218	83.452	542.98	654.29	700.27	688.07	640.05	515.75	681.89	722.75	771.6	558.31	706.28	812.84	749.98	778.33	786.67	916.13	918.51	837.85	762.68	763.57	895.66	769.35
656.67	738.59	677.63	677.22	422.2	439.99	0	772.23	325.26	588.87	157.07	496.27	531.54	256.31	421.78	488.59	343.87	343.77	372.48	700.95	660.53	641.14	272.92	234.47	113.52	171.56	617.8	387.82	739.83	494.75	240.7	580.37	360.77	158.45	506.55	410.05	177.36	609.43	74.945	85.584	84.281	337.77	307.85	424.44	568.87	257.96	258.16	298.79	682.54	304.12	432.07	550.62	450.53	188.21	358.72	385.83	301.71	383.81	378.72	279.01	392.32	672.01	562.93	644.09	78.057	757	762.29	754.35	239.27	748.84	612.98	758.36	790.65	760.48	692.44	692.08	583.12	480.5	481.24	653.65	764.13
332.45	44.109	164.97	161.15	527.68	767.45	772.23	0	498.43	268.94	634.59	388.55	250.01	517.82	375.64	362.34	688.96	689.31	400.57	86.187	246.43	131.7	621.29	561.93	668.94	712.93	192.28	532.46	42.529	287.8	564.11	351.11	457.24	672.11	315.02	439.75	595.15	192.47	706.2	739.06	740.4	444.43	541.47	372.35	205.35	696.92	698.31	481.5	113.21	472.52	448.41	277.1	322.69	641.38	614.9	728.22	476.22	694.59	700.78	525.88	478.79	103.4	256.5	134.53	778.99	130.54	66.28	39.037	589.27	78.096	358.04	17.518	20.268	54.473	423.34	429.14	459.42	500.72	501.02	450.02	17.763
331.41	474.84	372.29	372.93	137.1	583.38	325.26	498.43	0	271.74	168.2	171.01	249.26	120.52	123	355.01	467.39	467.56	175.8	416.31	341.04	370.15	357.95	240.32	263.43	365.34	397.51	385.55	459.6	281.37	84.568	255.11	276.59	313.41	194.27	84.795	188.83	312.66	250.35	335.84	336.44	86.914	310.25	265.8	319.87	411.66	412.9	193.99	436.56	180.12	360.77	367.3	197.32	302.74	424.99	522.9	93.992	499.97	500.36	48.472	74.685	395.21	255.31	391.57	302.95	525.55	508.75	471.72	95.582	499.18	287.96	488.22	518.47	472.94	372.54	372.88	270.87	181.3	182.17	338.38	486.26
114.51	263.65	111.05	113.37	263.92	732.47	588.87	268.94	271.74	0	434.47	124.01	119.27	340.89	169.34	362.75	627.8	628.08	268.35	183.65	72.349	176.23	530.75	432.12	506.42	585.39	275.85	492.48	226.41	242.22	352.65	88.058	380.32	535.51	83.137	194.17	426.02	88.014	515.26	581.67	582.64	255.78	456.39	307.43	194.46	602.07	603.49	351.02	261.77	336.24	424.79	310.84	188.76	512.83	563.23	679.02	293.2	648.46	652.04	312.65	228.48	181.66	46.683	221.99	574.07	349.23	305.83	233.28	367.23	303.47	109.27	265.38	288.63	227.38	208.16	212.6	199.37	232.14	232.41	212.79	252.69
499.61	604.45	527.61	527.56	273.09	488.94	157.07	634.59	168.2	434.47	0	339.2	387.43	121.55	270.35	398.41	375.55	375.6	246.31	558.53	505.54	502.93	273.11	174.1	118.15	231.66	498.09	352.1	599.43	372.86	83.645	423.31	280.11	185.35	353.13	252.98	85.255	461.81	82.149	179	179.21	190.87	264	318.57	436.99	300.73	301.64	195.79	554.39	193.57	365.79	443.11	312.67	191.23	358.01	428.38	158.51	413.98	411.76	122.49	236.19	532.13	411.36	512.72	144.51	635.86	632.43	613.18	86.693	620.33	455.95	621.99	653.81	617.5	536.96	536.82	429.63	329.51	330.3	499.54	624.85
160.42	377.74	235	237.19	140.12	709.31	496.27	388.55	171.01	124.01	339.2	0	177.3	269.53	120.71	390.24	597.17	597.41	243.7	302.39	181.93	279.75	491.58	379.98	429.09	522.82	354.84	482.92	346.28	278.27	255.58	84.118	365.55	470.96	87.762	86.222	350.54	197.64	421.35	503.25	503.97	191.22	427.04	313.72	267.04	555.79	557.14	309.28	362.42	293.32	431.19	363.24	194.59	454.3	541.67	651.5	225.04	624.1	626.2	218.05	111.31	293.63	133.91	318.18	470.7	453.63	418.26	354.58	262	413.42	117.52	383.11	408.61	350.1	210.64	212.16	133.6	115.88	116.36	186.35	373.1
233.74	225.67	154.07	152.4	300.81	621.02	531.54	250.01	249.26	119.27	387.43	177.3	0	275.24	126.27	243.48	520.51	520.81	173.04	171.14	176.31	120.93	429.66	343.09	435.46	498.76	177.54	378.69	212.75	122.95	314.51	192.73	271.13	451.96	89.54	199.77	357.38	81.862	462.27	509.08	510.26	196.56	351.87	192.51	89.746	503.67	505.1	259.42	193.34	246.73	307.52	195.38	86.634	425.26	452.86	569.75	230.59	538.2	542.36	275.97	239.55	146.61	72.619	147.73	531.88	284.87	260.75	226.04	339.26	252.32	222.54	239.18	269.86	230.09	325.6	329.72	295.6	291.4	291.97	324.3	238.81
423.97	485.97	422.89	422.24	257.12	462.99	256.31	517.82	120.52	340.89	121.55	269.53	275.24	0	171.56	284.57	346.93	347.09	124.76	444.87	413.24	386.25	237.45	119.79	165.53	253.31	376.55	275.06	484.3	251.31	85.992	349.81	178.31	201.44	257.77	190.22	85.144	353.68	188.39	240.78	241.75	85.108	194.02	200.46	317.26	292.42	293.69	88.766	433.93	80.536	266.4	322.9	195.18	185.99	306.71	402.43	47.692	379.9	380.11	82.049	193.19	416.56	310.31	393.04	263.17	514.48	512.54	498.61	122.24	500.07	385.44	504.55	536.65	504.35	479.38	480.48	385.42	301.24	302.12	449.87	509.02
258.14	351.9	257.27	257.26	195.94	590.12	421.78	375.64	123	169.34	270.35	120.71	126.27	171.56	0	279.31	479.25	479.5	122.99	294.32	241.69	247.18	375.67	268.8	337.09	418.9	283.36	362.22	337.24	179.61	192.39	188.24	244.84	368.21	86.208	87.711	256.68	192.84	349.27	412.34	413.3	86.454	308.03	197.19	200.97	443	444.39	192.56	315.55	176.78	312.45	268.3	89.493	347.4	421.82	533.03	123.87	504.92	507.31	152.7	124.42	272.33	141.27	270.18	413.33	405.73	386.26	349.72	214.39	377.1	224.76	365.26	395.63	351.8	326.34	328.55	253.55	206.61	207.39	306.27	363.74
477.2	319.01	368.2	364.64	469.9	406.86	488.59	362.34	355.01	362.75	398.41	390.24	243.48	284.57	279.31	0	327.45	327.81	179.24	329.99	415.08	263.91	272.4	254.18	375.12	380.26	170.6	170.57	348.96	120.54	366.94	430.52	127.9	351.33	313.8	363.8	324.98	304.99	442.02	430.08	431.64	268.11	198.18	89.245	189.09	345.32	346.62	202.67	249.98	205.62	86.355	85.441	195.66	317.53	253.13	365.91	272.21	332.3	338.44	346.18	394.74	294.33	316.09	233.19	524.32	294.45	323.57	364.81	402.96	307.35	463.11	345	374.58	379.81	567.64	571.48	522.16	485.91	486.7	561.76	363.2
732.87	646.02	669.27	666.6	603.98	116.3	343.87	688.96	467.39	627.8	375.55	597.17	520.51	346.93	479.25	327.45	0	0.36292	361.24	648.53	694.41	580.72	109.52	227.21	267.79	172.32	497.96	156.9	672.63	415.98	414.4	666.9	249.38	197.92	553.69	529.38	298.71	598.54	352	258.31	259.64	408.63	172.02	331.67	500.29	85.941	85.808	287.92	577.24	303.89	241.1	412.85	439.56	184.5	74.391	55.502	380.39	40.19	36.451	426.71	538.75	612.98	584.68	557.11	416.04	617.26	650.74	688.62	442.69	634.44	703.35	671.76	701.78	702.31	805.58	807.74	724.2	647.15	648.04	783.38	688.79
733.13	646.37	669.58	666.92	604.14	116.15	343.77	689.31	467.56	628.08	375.6	597.41	520.81	347.09	479.5	327.81	0.36292	0	361.51	648.86	694.7	581.06	109.68	227.37	267.79	172.22	498.32	157.25	672.97	416.3	414.52	667.16	249.68	197.9	553.96	529.59	298.8	598.85	351.97	258.21	259.54	408.84	172.28	331.99	500.62	85.832	85.693	288.15	577.59	304.12	241.46	413.2	439.85	184.54	74.748	55.335	380.59	40.251	36.442	426.86	538.93	613.32	584.97	557.45	415.96	617.62	651.09	688.97	442.79	634.79	703.61	672.11	702.13	702.65	805.82	807.98	724.42	647.34	648.23	783.61	689.14
371.63	366.15	327.07	325.44	296.12	469.66	372.48	400.57	175.8	268.35	246.31	243.7	173.04	124.76	122.99	179.24	361.24	361.51	0	333.55	337.5	270.58	262.4	170.05	268.6	325.72	251.8	239.23	369.99	126.55	196.02	306.94	121.85	279.33	192.44	195	195.12	254.9	309.56	340.07	341.34	88.889	189.24	90.006	196.4	334.23	335.66	86.38	310.99	74.134	193.74	201.45	86.407	252.23	300.57	413.87	97.399	384.67	387.53	169.79	220.8	302.39	227.62	271.66	386.94	389.94	390.34	385.05	230.53	377.3	343.18	386.3	418.65	392.97	446.82	449.38	376.3	320.34	321.19	428.86	393.34
257.07	83.507	86.703	82.245	441.51	736	700.95	86.187	416.31	183.65	558.53	302.39	171.14	444.87	294.32	329.99	648.53	648.86	333.55	0	169.77	67.863	571.33	500.53	601.48	654.62	173.5	494.84	44.274	234.4	485.18	267.72	406.43	610.95	229.67	354.76	525.18	106.7	632.71	673.6	674.86	367.66	491.16	320.63	148.88	647.08	648.5	417.89	112.8	407.28	412.84	249.39	250.76	581.78	575.85	691.93	401.21	658.69	664.2	446.21	393.53	35.738	170.49	100.83	703	180.19	126.38	55.419	508.69	127.91	277.68	81.756	106.32	59.586	352	357.63	377.54	414.9	415.21	373.93	71.341
87.303	253.19	83.135	87.534	316.63	796.79	660.53	246.43	341.04	72.349	505.54	181.93	176.31	413.24	241.69	415.08	694.41	694.7	337.5	169.77	0	189.55	599.55	503.22	578.77	657.04	303.51	554.91	205.69	296.07	423.16	115.35	445.58	607.4	155.48	260.57	498.37	112.97	586.67	654.02	654.99	328.13	523.88	368.76	233.28	671.72	673.15	421.44	270.31	406.93	483.37	353.51	255	584.29	628.14	744.66	365.55	713.5	717.43	383.33	291.94	181.99	110.05	238.55	643.94	348.79	295.98	207.73	436.09	297.55	113.2	247.61	264.25	196.56	183.31	188.8	215.64	275.53	275.59	204.4	228.84
273.05	104.74	117.14	112.69	413.67	669	641.14	131.7	370.15	176.23	502.93	279.75	120.93	386.25	247.18	263.91	580.72	581.06	270.58	67.863	189.55	0	503.75	435.35	539.17	588.65	118.02	427.34	99.496	166.7	433.2	264.29	338.81	545.83	197.14	317.85	464.35	88.218	574.64	610.31	611.61	312.98	423.57	252.97	81.121	579.54	580.95	353.43	85.545	343.54	345.76	185.74	191.08	516.11	508.16	624.38	344.52	591.2	596.65	395.4	357.56	32.886	146.89	49.018	647.31	174.62	141.09	114.8	459.25	134.38	282.6	119.32	150.91	124.62	370.86	376.09	375.53	395.46	395.91	384.63	123
632.12	580.14	582.09	579.85	494.46	225.75	272.92	621.29	357.95	530.75	273.11	491.58	429.66	237.45	375.67	272.4	109.52	109.68	262.4	571.33	599.55	503.75	0	117.7	176.4	118.26	436.29	123.85	599.99	337.08	305.91	563.91	164.98	114.59	453.6	421.37	192.46	510.14	262.86	192.55	194.14	301.48	80.2	250.82	422.66	75.816	77.226	183.11	513.46	198.93	192.65	353.74	345.26	88.876	88.195	165.01	271.91	144.16	143.52	317.24	429.63	536.59	489.51	486.96	336.18	566.46	591	615.94	335.3	575.24	600.42	604.69	636.06	627.88	701.23	703.15	616.77	538	538.89	677.27	618.81
526.93	524.28	497.07	495.49	376.77	343.38	234.47	561.93	240.32	432.12	174.1	379.98	343.09	119.79	268.8	254.18	227.21	227.37	170.05	500.53	503.22	435.35	117.7	0	120.97	155.67	392.29	178.04	534.62	275.05	191.09	455.86	126.31	110.48	351.39	306.1	88.874	424.95	193.73	180.4	181.87	188.76	89.905	195.97	356.82	175.86	177.21	83.683	462.77	96.825	201.61	319.56	256.45	82.178	191.66	282.7	156.5	260.85	260.76	199.78	312.46	467.9	394.5	428.76	275.8	530.34	542.74	550.11	222.79	528.2	492.23	546.56	578.84	559.43	590.56	592.14	501.9	420.74	421.63	564.18	556.49
586.8	633.54	586.24	585.33	384.54	377.34	113.52	668.94	263.43	506.42	118.15	429.09	435.46	165.53	337.09	375.12	267.79	267.79	268.6	601.48	578.77	539.17	176.4	120.97	0	113.62	507.94	280.94	638.55	386.64	185.12	511.56	247.28	70.526	423.29	345.13	80.413	515.81	86.468	75.265	76.217	250.64	197.31	312.98	464.03	187.49	188.23	189.37	575.12	196.74	319.56	438.5	351.11	87.558	264.59	317.92	213.23	307.54	304.22	215.02	337.2	570.88	475.27	538.32	162.52	646.88	655.14	653.53	200.8	641.21	546.39	654.41	686.79	661.02	635.5	636.01	533.72	438.3	439.14	601.78	661.93
675.7	673.84	652.74	651.16	493.01	271.96	171.56	712.93	365.34	585.39	231.66	522.82	498.76	253.31	418.9	380.26	172.32	172.22	325.72	654.62	657.04	588.65	118.26	155.67	113.62	0	535.71	242.05	687.43	425.12	293.11	602.46	259.7	52.071	503.53	442.5	176.66	580.62	187.9	85.988	87.32	334.58	182.16	341.5	508.96	86.399	86.597	239.35	609.88	252.3	306.19	456.84	412.13	73.497	194.73	215.53	298.59	212.25	207.22	318.07	440.02	621.4	549.11	578.74	244.85	670.53	689.17	703.1	312.5	673.99	638.34	697.06	729.13	713.12	732.57	733.58	635.85	544.58	545.44	701.97	708.45
382.91	148.62	235.06	230.65	473.72	575.22	617.8	192.28	397.51	275.85	498.09	354.84	177.54	376.55	283.36	170.6	497.96	498.32	251.8	173.5	303.51	118.02	436.29	392.29	507.94	535.71	0	341.14	183.22	125.25	442.13	360.95	276.11	499.56	267.08	367.97	442.1	193.19	559.26	572.65	574.11	321.96	357.86	196.36	87.811	511.11	512.46	319.09	79.419	314.01	256.93	85.159	200.19	467.06	423.69	536.18	344.44	502.53	508.81	409.56	406.7	140.42	235.83	72.945	638.1	139.22	154.72	198.54	473.85	138.97	385.12	174.84	204.02	215.15	480.42	485.35	469.07	468.49	469.09	488.63	194.44
602.81	489.35	521.71	518.71	520.26	243.46	387.82	532.46	385.55	492.48	352.1	482.92	378.69	275.06	362.22	170.57	156.9	157.25	239.23	494.84	554.91	427.34	123.85	178.04	280.94	242.05	341.14	0	517.21	265.81	358.36	543.12	117.37	231.22	425.51	428.81	266.91	452.84	364.14	312.27	313.88	309.17	88.161	186.19	347.95	185.8	186.92	191.61	420.47	205.55	84.22	255.99	304.72	199.71	82.554	197.1	291.62	163.86	169.39	355.92	447.72	459.14	447.23	401.43	443.35	461.52	493.87	533.17	393.02	477.59	578.8	515.2	545.04	547.35	683.55	686.42	615.39	553.31	554.19	667.66	532.69
292.35	54.87	123.4	119.41	485.6	755.78	739.83	42.529	459.6	226.41	599.43	346.28	212.75	484.3	337.24	348.96	672.63	672.97	369.99	44.274	205.69	99.496	599.99	534.62	638.55	687.43	183.22	517.21	0	263.49	527.25	308.83	435.12	645.08	273.91	398.94	563.33	150.97	672.53	709.8	711.1	408.71	519.83	349.43	178.55	675.8	677.21	452.89	109.64	443.04	433.9	265.23	289.32	615.12	599.13	714.05	441.52	680.56	686.42	488.56	437.77	67.823	214.74	115.86	743.94	155.01	94.194	16.01	551.43	100.42	316.49	42.076	62.367	32.224	384.79	390.54	417.53	458.22	458.52	409.87	27.071
356.66	249.3	256.07	252.99	375.55	509.21	494.75	287.8	281.37	242.22	372.86	278.27	122.95	251.31	179.61	120.54	415.98	416.3	126.55	234.4	296.07	166.7	337.08	275.05	386.64	425.12	125.25	265.81	263.49	0	318.79	311.54	172.11	384.77	196.9	267.32	318.14	188.59	434.63	454.06	455.45	200.73	256.88	86.268	85.59	412.87	414.29	197.28	188.52	190.67	188.83	88.704	90.117	353.69	344.6	461.61	220.37	428.91	433.88	288	303.14	199.52	195.55	153.86	513.02	263.76	268.57	279.36	351.56	254.57	343.38	272.03	304.19	290.86	447.54	451.47	407.28	382.19	382.92	443.22	283.58
415.98	536.66	448.82	449.04	200	530.49	240.7	564.11	84.568	352.65	83.645	255.58	314.51	85.992	192.39	366.94	414.4	414.52	196.02	485.18	423.16	433.2	305.91	191.09	185.12	293.11	442.13	358.36	527.25	318.79	0	339.68	264.3	242.33	272.41	169.36	118.88	385.21	165.79	254.82	255.3	121.72	274.36	280.21	373.16	349.45	350.56	174.76	491.4	165.97	352.38	397.46	247.12	237.74	382.67	469.39	98.838	450.08	449.28	40.141	154.35	460.86	331.9	447.97	221.83	576.74	567.36	540.36	36.392	556.31	372.45	552.49	583.76	543.38	455.08	455.15	349.93	253.18	254.01	419.01	553.29
76.307	349.52	187.2	190.61	204.71	776.55	580.37	351.11	255.11	88.058	423.31	84.118	192.73	349.81	188.24	430.52	666.9	667.16	306.94	267.72	115.35	264.29	563.91	455.86	511.56	602.46	360.95	543.12	308.83	311.54	339.68	0	426.86	550.89	118.59	170.34	432.35	176.07	505.46	586.07	586.84	268.27	495.18	364.09	276.66	630.86	632.24	380.8	349.83	365.02	483.24	388.11	241.15	532.58	607.5	720.26	303.88	691.49	694.19	301.96	193.2	268.85	125.29	309.74	554.18	437.03	392.08	313.85	345.68	390.46	36.514	349.22	370.21	305.41	140.45	143.45	111.37	160.43	160.47	131.8	334.18
488.49	416.73	420.67	418.16	408.05	352.2	360.77	457.24	276.59	380.32	280.11	365.55	271.13	178.31	244.84	127.9	249.38	249.68	121.85	406.43	445.58	338.81	164.98	126.31	247.28	259.7	276.11	117.37	435.12	172.11	264.3	426.86	0	226	310.05	313.01	201.36	349.49	316.33	303.19	304.73	195.51	84.778	85.843	257.7	240.79	242.2	89.56	351.27	99.384	88.117	197.75	191.56	192.65	182.91	299.09	183.34	268.17	271.91	253.53	334.15	371.63	336.26	322.73	398.8	411.13	430.03	451.06	300.54	414.67	462.78	440.84	472.49	462.9	567.19	569.93	498.06	438.1	438.97	550.47	454.27
624.41	634.07	605.6	604.17	441.94	306.82	158.45	672.11	313.41	535.51	185.35	470.96	451.96	201.44	368.21	351.33	197.92	197.9	279.33	610.95	607.4	545.83	114.59	110.48	70.526	52.071	499.56	231.22	645.08	384.77	242.33	550.89	226	0	453.29	390.44	124.94	533.71	154.2	81.597	83.213	283.34	157.44	303.54	467.15	116.99	117.75	193.4	571.7	205.29	284.09	423.56	365.47	33.911	201.41	247.45	247.07	237.87	234.28	266.31	388.1	578.38	500.13	538.62	222.79	636.38	651.48	660.58	263.28	636.68	586.69	656.62	688.86	669.89	680.58	681.57	583.82	492.99	493.85	649.9	666.85
179.19	298.9	178.07	178.83	216.53	661.35	506.55	315.02	194.27	83.137	353.13	87.762	89.54	257.77	86.208	313.8	553.69	553.96	192.44	229.67	155.48	197.14	453.6	351.39	423.29	503.53	267.08	425.51	273.91	196.9	272.41	118.59	310.05	453.29	0	125.26	342.89	123.08	433.32	498.55	499.51	172.66	381.68	245.5	179.28	523.39	524.8	271.81	277.38	256.58	364.64	278.76	122.55	431.37	491.96	606.15	210.07	576.58	579.65	232.27	163.86	215.11	61.522	232.48	494.24	369.03	337.75	284.32	289.65	331.53	153.54	307.41	335.29	283.11	258.72	261.91	210.64	202.4	202.95	248.33	300.97
246.64	421.56	300.42	301.68	108.23	643.8	410.05	439.75	84.795	194.17	252.98	86.222	199.77	190.22	87.711	363.8	529.38	529.59	195	354.76	260.57	317.85	421.37	306.1	345.13	442.5	367.97	428.81	398.94	267.32	169.36	170.34	313.01	390.44	125.26	0	267.84	248.3	335.13	418.66	419.33	121.57	363.45	278.52	283.01	481.39	482.7	243.71	393.08	228.02	388.73	356.01	177.2	376.2	479.41	584.52	149.68	559.02	560.35	132.18	39.797	338.6	186.17	347.46	385.6	484.49	458.9	409.55	176.83	451.37	203.27	431.53	460.01	408.31	290.7	291.45	195.81	125.4	126.26	259.69	425.99
507.25	561.24	506.95	506.16	317.43	414.12	177.36	595.15	188.83	426.02	85.255	350.54	357.38	85.144	256.68	324.98	298.71	298.8	195.12	525.18	498.37	464.35	192.46	88.874	80.413	176.66	442.1	266.91	563.33	318.14	118.88	432.35	201.36	124.94	342.89	267.84	0	437.02	118.31	155.68	156.63	170.24	178.78	252.1	391.51	230.78	231.87	125.21	505.42	128.21	284.42	378.73	274.42	118.94	274.95	353.05	132.83	335.77	334.31	141.42	263.47	495.52	395.2	466.74	199.86	581.29	585.08	578.04	144.25	571.75	467.5	581.15	613.46	584.76	558.54	559.28	459.61	368.05	368.91	526.42	587.34
189.73	180.21	72.287	70.543	335.64	696.17	609.43	192.47	312.66	88.014	461.81	197.64	81.862	353.68	192.84	304.99	598.54	598.85	254.9	106.7	112.97	88.218	510.14	424.95	515.81	580.62	193.19	452.84	150.97	188.59	385.21	176.07	349.49	533.71	123.08	248.3	437.02	0	538.8	589.85	591	272.1	431.64	267.64	120.38	584.57	586	341.28	173.76	328.54	377.41	240.66	168.5	507.12	529.39	646.57	307.73	614.48	618.99	345.54	286.91	96.327	64.183	134.59	605.59	261.72	221.27	161.25	406.51	217.55	195.14	185.89	212.71	160.65	287.33	292.32	287.34	312.05	312.43	297.92	178.04
581.76	674.06	606.01	605.76	349.78	458.6	74.945	706.2	250.35	515.26	82.149	421.35	462.27	188.39	349.27	442.02	352	351.97	309.56	632.71	586.67	574.64	262.86	193.73	86.468	187.9	559.26	364.14	672.53	434.63	165.79	505.46	316.33	154.2	433.32	335.13	118.31	538.8	0	114.87	114.51	266.7	278.16	370.4	504.89	269.25	269.83	243.52	620.53	246.06	395.31	497.02	383.56	174.03	351.05	400.36	231.68	392.02	388.29	204.34	317.58	604.84	490.54	580.57	82.467	698.28	699.71	686.73	165.16	686.83	538.03	692.88	725.01	692.07	617.98	617.7	509.34	407.53	408.29	579.68	697.36
661.52	702.58	660.61	659.61	451.56	355.58	85.584	739.06	335.84	581.67	179	503.25	509.08	240.78	412.34	430.08	258.31	258.21	340.07	673.6	654.02	610.31	192.55	180.4	75.265	85.988	572.65	312.27	709.8	454.06	254.82	586.07	303.19	81.597	498.55	418.66	155.68	589.85	114.87	0	1.6169	325.89	238.65	376.36	533.74	172.39	172.57	257.61	642.37	266.78	365.21	499.39	424.01	114.95	276.01	300.61	288.47	298.23	293.15	287.39	408.68	642.35	550.26	607.1	160.17	710.74	722.41	724.97	265.42	708.06	620.68	724.14	756.51	733.04	708.38	708.72	604.73	507.03	507.84	673.54	732.66
662.31	703.95	661.73	660.74	451.87	356.7	84.281	740.4	336.44	582.64	179.21	503.97	510.26	241.75	413.3	431.64	259.64	259.54	341.34	674.86	654.99	611.61	194.14	181.87	76.217	87.32	574.11	313.88	711.1	455.45	255.3	586.84	304.73	83.213	499.51	419.33	156.63	591	114.51	1.6169	0	326.86	240.26	377.83	535.09	173.71	173.89	258.96	643.78	268.09	366.82	500.9	425.23	116.56	277.54	301.81	289.44	299.54	294.44	287.99	409.21	643.64	551.3	608.47	159.08	712.21	723.83	726.26	265.68	709.48	621.42	725.49	757.86	734.3	708.98	709.31	605.21	507.4	508.21	674.07	733.98
341.12	415.72	339.87	339.45	212.6	522.56	337.77	444.43	86.914	255.78	190.87	191.22	196.56	85.108	86.454	268.11	408.63	408.84	88.889	367.66	328.13	312.98	301.48	188.76	250.64	334.58	321.96	309.17	408.71	200.73	121.72	268.27	195.51	283.34	172.66	121.57	170.24	272.1	266.7	325.89	326.86	0	241.88	178.89	251.44	364.57	365.93	122.14	369.68	106.47	276.71	283.95	125.39	264.31	357.85	463.57	37.415	437.66	439.13	87.611	138.75	341.6	225.9	326.31	335.34	455.35	445.8	422.36	151.97	434.63	304.42	432.27	463.85	426.65	401.81	403.38	315.57	244.43	245.31	375.98	434.3
560.86	500.57	503.34	500.99	447.01	282.27	307.85	541.47	310.25	456.39	264	427.04	351.87	194.02	308.03	198.18	172.02	172.28	189.24	491.16	523.88	423.57	80.2	89.905	197.31	182.16	357.86	88.161	519.83	256.88	274.36	495.18	84.778	157.44	381.68	363.45	178.78	431.64	278.16	238.65	240.26	241.88	0	170.62	342.47	156.01	157.42	119.74	434.34	135.45	126.65	276.6	268.9	123.73	115.99	225.09	218.06	197.05	199.29	276.02	377.3	456.4	413.9	407.04	358.64	490.15	512.42	535.78	308.07	496.81	531.59	524.95	556.44	547.68	634.28	636.56	556.15	485.05	485.94	613.39	538.79
419.37	332.53	337.76	335.02	383.03	428.9	424.44	372.35	265.8	307.43	318.57	313.72	192.51	200.46	197.19	89.245	331.67	331.99	90.006	320.63	368.76	252.97	250.82	195.97	312.98	341.5	196.36	186.19	349.43	86.268	280.21	364.09	85.843	303.54	245.5	278.52	252.1	267.64	370.4	376.36	377.83	178.89	170.62	0	171.86	326.62	328.04	126.9	268.51	125.55	119.15	126.67	122.95	271.42	261.76	378.95	183.89	346.84	351.35	257.67	307.66	285.79	261.66	237.84	451.52	334.48	348.09	365.34	315.86	333.18	398.74	356.17	388.05	377.08	504.03	507.33	447.2	402.46	403.28	492.72	368.92
305.98	169.76	179.3	175.65	387.43	590.56	568.87	205.35	319.87	194.46	436.99	267.04	89.746	317.26	200.97	189.09	500.29	500.62	196.4	148.88	233.28	81.121	422.66	356.82	464.03	508.96	87.811	347.95	178.55	85.59	373.16	276.66	257.7	467.15	179.28	283.01	391.51	120.38	504.89	533.74	535.09	251.44	342.47	171.86	0	498.45	499.87	276.16	118.24	267.38	267.69	120.28	126.05	436.84	428.13	544.72	279.1	511.71	516.97	337.73	322.28	113.93	151.51	75.786	580.3	205.69	195.44	194.31	402.41	183.53	303.07	190.45	222.83	205.37	402.07	406.69	383.05	380.78	381.37	406.4	199.7
700.81	655.61	656.67	654.52	545.6	189.89	257.96	696.92	411.66	602.07	300.73	555.79	503.67	292.42	443	345.32	85.941	85.832	334.23	647.08	671.72	579.54	75.816	175.86	187.49	86.399	511.11	185.8	675.8	412.87	349.45	630.86	240.79	116.99	523.39	481.39	230.78	584.57	269.25	172.39	173.71	364.57	156.01	326.62	498.45	0	1.4356	251.58	588.67	266.91	262.8	427.92	418.51	111.88	120.18	131.12	332.1	125.85	120.95	367.43	485.4	612.38	561.84	562.65	330.66	639.76	665.82	691.75	374.32	649.96	667.31	680.27	711.56	703.69	766.31	767.93	677.16	592.96	593.84	739.97	694.56
702.21	656.99	658.1	655.95	546.8	189.19	258.16	698.31	412.9	603.49	301.64	557.14	505.1	293.69	444.39	346.62	85.808	85.693	335.66	648.5	673.15	580.95	77.226	177.21	188.23	86.597	512.46	186.92	677.21	414.29	350.56	632.24	242.2	117.75	524.8	482.7	231.87	586	269.83	172.57	173.89	365.93	157.42	328.04	499.87	1.4356	0	252.99	590.03	268.31	264.05	429.26	419.95	112.96	120.95	130.56	333.43	125.65	120.67	368.63	486.66	613.8	563.27	564.04	330.99	641.06	667.17	693.16	375.37	651.31	668.7	681.66	712.94	705.1	767.68	769.29	678.47	594.2	595.08	741.31	695.95
449.54	445.04	413.43	411.82	329.45	400.91	298.79	481.5	193.99	351.02	195.79	309.28	259.42	88.766	192.56	202.67	287.92	288.15	86.38	417.89	421.44	353.43	183.11	83.683	189.37	239.35	319.09	191.61	452.89	197.28	174.76	380.8	89.56	193.4	271.81	243.71	125.21	341.28	243.52	257.61	258.96	122.14	119.74	126.9	276.16	251.58	252.99	0	385.79	15.968	177.67	253.56	172.79	165.85	235.72	342.44	100.2	315.85	317.54	165.9	258.33	385.77	312.12	349.61	324.84	458.25	465.83	468.23	210.98	451.84	417.31	466.54	498.9	477.02	518.32	520.32	436.95	365.66	366.54	495.46	475.35
355.84	69.303	191.42	186.74	493.08	654.3	682.54	113.21	436.56	261.77	554.39	362.42	193.34	433.93	315.55	249.98	577.24	577.59	310.99	112.8	270.31	85.545	513.46	462.77	575.12	609.88	79.419	420.47	109.64	188.52	491.4	349.83	351.27	571.7	277.38	393.08	505.42	173.76	620.53	642.37	643.78	369.68	434.34	268.51	118.24	588.67	590.03	385.79	0	378.81	336.27	164.55	244.29	539.86	503	615.59	396.96	581.94	588.23	455.85	432.84	88.958	231.2	45.63	697.1	91.741	80.064	123.8	520.51	66.335	367.64	95.711	124.61	141.81	453.25	458.63	461.07	478.3	478.78	469.08	116.79
434.02	436.8	400.56	399.05	314.9	416.83	304.12	472.52	180.12	336.24	193.57	293.32	246.73	80.536	176.78	205.62	303.89	304.12	74.134	407.28	406.93	343.54	198.93	96.825	196.74	252.3	314.01	205.55	443.04	190.67	165.97	365.02	99.384	205.29	256.58	228.02	128.21	328.54	246.06	266.78	268.09	106.47	135.45	125.55	267.38	266.91	268.31	15.968	378.81	0	186.98	251.56	160.18	178.85	251.39	358.4	86.135	331.75	333.48	154.24	243.27	375.65	297.88	341.58	326.48	453.22	458.75	458.25	202.35	445.04	401.54	457.82	490.2	466.59	502.41	504.4	421.04	350.34	351.22	479.49	465.91
537.65	405.22	444.33	441.09	488.57	323.24	432.07	448.41	360.77	424.79	365.79	431.19	307.52	266.4	312.45	86.355	241.1	241.46	193.74	412.84	483.37	345.76	192.65	201.61	319.56	306.19	256.93	84.22	433.9	188.83	352.38	483.24	88.117	284.09	364.64	388.73	284.42	377.41	395.31	365.21	366.82	276.71	126.65	119.15	267.69	262.8	264.05	177.67	336.27	186.98	0	171.78	242.09	250.35	166.77	280.2	268.93	246.67	252.61	340.56	413.62	377.11	378.52	318.04	477.4	378.65	409.76	449.82	388.64	393.5	517.84	431.13	460.87	464.34	623.13	626.45	564.79	514.03	514.87	611.67	448.89
424.22	233.64	296.88	292.93	464.24	490.95	550.62	277.1	367.3	310.84	443.11	363.24	195.38	322.9	268.3	85.441	412.85	413.2	201.45	249.39	353.51	185.74	353.74	319.56	438.5	456.84	85.159	255.99	265.23	88.704	397.46	388.11	197.75	423.56	278.76	356.01	378.73	240.66	497.02	499.39	500.9	283.95	276.6	126.67	120.28	427.92	429.26	253.56	164.55	251.56	171.78	0	178.81	390.36	338.55	451.14	298.72	417.51	423.73	369.71	391.79	214.19	265.59	150.17	577.96	213.72	238.67	280.93	431.73	222.57	417.38	259.72	289.16	296.55	518.97	523.36	489.08	469.77	470.48	519.62	278.43
298.1	291.78	240.67	239.04	285.43	543.73	450.53	322.69	197.32	188.76	312.67	194.59	86.634	195.18	89.493	195.66	439.56	439.85	86.407	250.76	255	191.08	345.26	256.45	351.11	412.13	200.19	304.72	289.32	90.117	247.12	241.15	191.56	365.47	122.55	177.2	274.42	168.5	383.56	424.01	425.23	125.39	268.9	122.95	126.05	418.51	419.95	172.79	244.29	160.18	242.09	178.81	0	338.63	374.47	490.37	154.19	459.71	463.33	211.9	213.27	221.52	145.13	201.05	456.76	330.57	320.68	303.82	276.59	309.31	275.9	309.62	341.62	310.34	381.17	384.42	326.97	293.53	294.28	370.11	313.87
605	602.87	579.25	577.66	435.01	297.86	188.21	641.38	302.74	512.83	191.23	454.3	425.26	185.99	347.4	317.53	184.5	184.54	252.23	581.78	584.29	516.11	88.876	82.178	87.558	73.497	467.06	199.71	615.12	353.69	237.74	532.58	192.65	33.911	431.37	376.2	118.94	507.12	174.03	114.95	116.56	264.31	123.73	271.42	436.84	111.88	112.96	165.85	539.86	178.85	250.35	390.36	338.63	0	177.07	237.18	229.28	223.39	220.84	257.26	377.12	548.79	476.02	507.53	247.94	603.44	619.51	630.72	262.5	604.58	568.7	625.71	657.89	640.46	664.72	665.97	571.19	483.77	484.64	635.85	636.5
670.86	571.85	599.39	596.57	562.02	169.43	358.72	614.9	424.99	563.23	358.01	541.67	452.86	306.71	421.82	253.13	74.391	74.748	300.57	575.85	628.14	508.16	88.195	191.66	264.59	194.73	423.69	82.554	599.13	344.6	382.67	607.5	182.91	201.41	491.96	479.41	274.95	529.39	351.05	276.01	277.54	357.85	115.99	261.76	428.13	120.18	120.95	235.72	503	251.39	166.77	338.55	374.47	177.07	0	117.2	333.66	85.367	89.599	388.6	493.04	540.22	519.07	483.46	423.9	543.13	576.35	615.11	414.34	560.05	643.72	597.66	627.57	629.05	747.32	749.81	671.64	600.94	601.82	727.9	614.94
785.32	684.77	716.58	713.76	659.47	61.111	385.83	728.22	522.9	679.02	428.38	651.5	569.75	402.43	533.03	365.91	55.502	55.335	413.87	691.93	744.66	624.38	165.01	282.7	317.92	215.53	536.18	197.1	714.05	461.61	469.39	720.26	299.09	247.45	606.15	584.52	353.05	646.57	400.36	300.61	301.81	463.57	225.09	378.95	544.72	131.12	130.56	342.44	615.59	358.4	280.2	451.14	490.37	237.18	117.2	0	435.7	33.661	27.749	482.13	594.19	656.24	635.3	598.21	460.32	649.79	686.86	729.99	497.22	670.44	756.66	710.86	740.15	744.34	859.33	861.58	779.1	702.6	703.49	837.8	729.02
377.42	445.97	376.26	375.72	229.36	495.46	301.71	476.22	93.992	293.2	158.51	225.04	230.59	47.692	123.87	272.21	380.39	380.59	97.399	401.21	365.55	344.52	271.91	156.5	213.23	298.59	344.44	291.62	441.52	220.37	98.838	303.88	183.34	247.07	210.07	149.68	132.83	307.73	231.68	288.47	289.44	37.415	218.06	183.89	279.1	332.1	333.43	100.2	396.96	86.135	268.93	298.72	154.19	229.28	333.66	435.7	0	411.1	412.06	74.001	159.41	374.02	262.96	354.68	302.79	480.39	474.42	455.5	133.14	462.61	339.79	463.51	495.37	460.48	435.57	436.91	345.44	267.56	268.45	407.93	466.71
755.64	651.13	684.22	681.35	636.94	85.218	383.81	694.59	499.97	648.46	413.98	624.1	538.2	379.9	504.92	332.3	40.19	40.251	384.67	658.69	713.5	591.2	144.16	260.85	307.54	212.25	502.53	163.86	680.56	428.91	450.08	691.49	268.17	237.87	576.58	559.02	335.77	614.48	392.02	298.23	299.54	437.66	197.05	346.84	511.71	125.85	125.65	315.85	581.94	331.75	246.67	417.51	459.71	223.39	85.367	33.661	411.1	0	8.2848	460.62	570.22	622.98	604.4	564.71	456.2	616.33	653.22	696.49	479.25	636.8	727.81	677.23	706.5	710.91	830.98	833.35	752.79	678.56	679.44	810.45	695.44
758.78	657.37	688.93	686.1	637.23	83.452	378.72	700.78	500.36	652.04	411.76	626.2	542.36	380.11	507.31	338.44	36.451	36.442	387.53	664.2	717.43	596.65	143.52	260.76	304.22	207.22	508.81	169.39	686.42	433.88	449.28	694.19	271.91	234.28	579.65	560.35	334.31	618.99	388.29	293.15	294.44	439.13	199.29	351.35	516.97	120.95	120.67	317.54	588.23	333.48	252.61	423.73	463.33	220.84	89.599	27.749	412.06	8.2848	0	460.53	570.99	628.51	608.17	570.58	451.58	623.31	659.81	702.36	478.07	643.4	730.55	683.43	712.81	716.67	833.51	835.82	754.46	679.37	680.26	812.54	701.48
378.17	499.32	408.76	409.02	178.24	542.98	279.01	525.88	48.472	312.65	122.49	218.05	275.97	82.049	152.7	346.18	426.71	426.86	169.79	446.21	383.33	395.4	317.24	199.78	215.02	318.07	409.56	355.92	488.56	288	40.141	301.96	253.53	266.31	232.27	132.18	141.42	345.54	204.34	287.39	287.99	87.611	276.02	257.67	337.73	367.43	368.63	165.9	455.85	154.24	340.56	369.71	211.9	257.26	388.6	482.13	74.001	460.62	460.53	0	122.42	422.52	291.81	411.89	261.98	542.41	530.89	501.48	64.687	520.22	335.4	514.57	545.63	504.17	420.99	421.35	318.94	226.84	227.71	386.76	514.76
268.66	461.13	336.74	338.23	75.41	654.29	392.32	478.79	74.685	228.48	236.19	111.31	239.55	193.19	124.42	394.74	538.75	538.93	220.8	393.53	291.94	357.56	429.63	312.46	337.2	440.02	406.7	447.72	437.77	303.14	154.35	193.2	334.15	388.1	163.86	39.797	263.47	286.91	317.58	408.68	409.21	138.75	377.3	307.66	322.28	485.4	486.66	258.33	432.84	243.27	413.62	391.79	213.27	377.12	493.04	594.19	159.41	570.22	570.99	122.42	0	378.01	224.1	387.22	361.5	524.22	498.63	448.11	154.07	491.15	222.97	470.82	499.06	446.39	300.87	300.85	196.55	108.41	109.3	264.86	464.83
268.29	84.167	102.49	97.807	430.53	700.27	672.01	103.4	395.21	181.66	532.13	293.63	146.61	416.56	272.33	294.33	612.98	613.32	302.39	35.738	181.99	32.886	536.59	467.9	570.88	621.4	140.42	459.14	67.823	199.52	460.86	268.85	371.63	578.38	215.11	338.6	495.52	96.327	604.84	642.35	643.64	341.6	456.4	285.79	113.93	612.38	613.8	385.77	88.958	375.65	377.11	214.19	221.52	548.79	540.22	656.24	374.02	622.98	628.51	422.52	378.01	0	159.75	67.503	676.62	168.96	124.95	82.657	485.87	121.81	283.27	93.251	123.32	91.77	365.25	370.7	380.05	408.35	408.73	383.06	92.722
161.12	243.89	117.11	117.64	271.46	688.07	562.93	256.5	255.31	46.683	411.36	133.91	72.619	310.31	141.27	316.09	584.68	584.97	227.62	170.49	110.05	146.89	489.51	394.5	475.27	549.11	235.83	447.23	214.74	195.55	331.9	125.29	336.26	500.13	61.522	186.17	395.2	64.183	490.54	550.26	551.3	225.9	413.9	261.66	151.51	561.84	563.27	312.12	231.2	297.88	378.52	265.59	145.13	476.02	519.07	635.3	262.96	604.4	608.17	291.81	224.1	159.75	0	188.5	553.61	321.46	284.37	224.38	350.43	279.76	152.06	250.07	276.71	222.3	253.66	257.92	233.67	249.05	249.46	255.08	241.78
321.7	95.531	165.06	160.51	447.76	640.05	644.09	134.53	391.57	221.99	512.72	318.18	147.73	393.04	270.18	233.19	557.11	557.45	271.66	100.83	238.55	49.018	486.96	428.76	538.32	578.74	72.945	401.43	115.86	153.86	447.97	309.74	322.73	538.62	232.48	347.46	466.74	134.59	580.57	607.1	608.47	326.31	407.04	237.84	75.786	562.65	564.04	349.61	45.63	341.58	318.04	150.17	201.05	507.53	483.46	598.21	354.68	564.71	570.58	411.89	387.22	67.503	188.5	0	656.09	137.18	119.74	131.78	476.48	108.35	329.73	118.36	150.39	146.64	419.55	424.74	420.51	434	434.5	432.32	132.12
630.03	748.44	670.38	670.5	378.73	515.75	78.057	778.99	302.95	574.07	144.51	470.7	531.88	263.17	413.33	524.32	416.04	415.96	386.94	703	643.94	647.31	336.18	275.8	162.52	244.85	638.1	443.35	743.94	513.02	221.83	554.18	398.8	222.79	494.24	385.6	199.86	605.59	82.467	160.17	159.08	335.34	358.64	451.52	580.3	330.66	330.99	324.84	697.1	326.48	477.4	577.96	456.76	247.94	423.9	460.32	302.79	456.2	451.58	261.98	361.5	676.62	553.61	656.09	0	776.75	775.67	757.68	208.8	763.24	584.47	766.28	798.16	761.91	655.74	654.78	543.01	438.06	438.72	614.05	769.34
435.88	100.33	266.35	261.78	584.82	681.89	757	130.54	525.55	349.23	635.86	453.63	284.87	514.48	405.73	294.45	617.26	617.62	389.94	180.19	348.79	174.62	566.46	530.34	646.88	670.53	139.22	461.52	155.01	263.76	576.74	437.03	411.13	636.38	369.03	484.49	581.29	261.72	698.28	710.74	712.21	455.35	490.15	334.48	205.69	639.76	641.06	458.25	91.741	453.22	378.65	213.72	330.57	603.44	543.13	649.79	480.39	616.33	623.31	542.41	524.22	168.96	321.46	137.18	776.75	0	64.268	162.36	607.07	54.623	452.23	117.93	127.37	181.09	531.79	537.37	548.39	569.5	569.96	551.61	144.73
383.24	42.901	212.84	208.47	554.09	722.75	762.29	66.28	508.75	305.83	632.43	418.26	260.75	512.54	386.26	323.57	650.74	651.09	390.34	126.38	295.98	141.09	591	542.74	655.14	689.17	154.72	493.87	94.194	268.57	567.36	392.08	430.03	651.48	337.75	458.9	585.08	221.27	699.71	722.41	723.83	445.8	512.42	348.09	195.44	665.82	667.17	465.83	80.064	458.75	409.76	238.67	320.68	619.51	576.35	686.86	474.42	653.22	659.81	530.89	498.63	124.95	284.37	119.74	775.67	64.268	0	99.515	595.35	16.473	403.72	54.455	64.482	117.81	477.32	483.02	502.73	533.23	533.62	500.27	80.895
293.52	64.09	126.98	123.34	494.32	771.6	754.35	39.037	471.72	233.28	613.18	354.58	226.04	498.61	349.72	364.81	688.62	688.97	385.05	55.419	207.73	114.8	615.94	550.11	653.53	703.1	198.54	533.17	16.01	279.36	540.36	313.85	451.06	660.58	284.32	409.55	578.04	161.25	686.73	724.97	726.26	422.36	535.78	365.34	194.31	691.75	693.16	468.23	123.8	458.25	449.82	280.93	303.82	630.72	615.11	729.99	455.5	696.49	702.36	501.48	448.11	82.657	224.38	131.78	757.68	162.36	99.515	0	564.06	107.9	319.74	45.143	56.632	19.151	384.32	390.11	421.42	465.41	465.68	411.07	21.278
421.73	563.41	467.51	468.06	186.39	558.31	239.27	589.27	95.582	367.23	86.693	262	339.26	122.24	214.39	402.96	442.69	442.79	230.53	508.69	436.09	459.25	335.3	222.79	200.8	312.5	473.85	393.02	551.43	351.56	36.392	345.68	300.54	263.28	289.65	176.83	144.25	406.51	165.16	265.42	265.68	151.97	308.07	315.86	402.41	374.32	375.37	210.98	520.51	202.35	388.64	431.73	276.59	262.5	414.34	497.22	133.14	479.25	478.07	64.687	154.07	485.87	350.43	476.48	208.8	607.07	595.35	564.06	0	584.79	376.66	578.26	609.12	566.13	453.22	452.82	344.19	243.05	243.83	414.52	577.8
384.84	45.956	214.59	210.1	548.06	706.28	748.84	78.096	499.18	303.47	620.33	413.42	252.32	500.07	377.1	307.35	634.44	634.79	377.3	127.91	297.55	134.38	575.24	528.2	641.21	673.99	138.97	477.59	100.42	254.57	556.31	390.46	414.67	636.68	331.53	451.37	571.75	217.55	686.83	708.06	709.48	434.63	496.81	333.18	183.53	649.96	651.31	451.84	66.335	445.04	393.5	222.57	309.31	604.58	560.05	670.44	462.61	636.8	643.4	520.22	491.15	121.81	279.76	108.35	763.24	54.623	16.473	107.9	584.79	0	403.52	64.022	79.038	126.75	479.89	485.53	501.5	528.81	529.23	501.38	90.957
47.435	360.84	193.12	197.08	225.19	812.84	612.98	358.04	287.96	109.27	455.95	117.52	222.54	385.44	224.76	463.11	703.35	703.61	343.18	277.68	113.2	282.6	600.42	492.23	546.39	638.34	385.12	578.8	316.49	343.38	372.45	36.514	462.78	586.69	153.54	203.27	467.5	195.14	538.03	620.68	621.42	304.42	531.59	398.74	303.07	667.31	668.7	417.31	367.64	401.54	517.84	417.38	275.9	568.7	643.72	756.66	339.79	727.81	730.55	335.4	222.97	283.27	152.06	329.73	584.47	452.23	403.72	319.74	376.66	403.52	0	357.91	376.37	309.38	105.29	108.72	102.46	174.89	174.75	103.52	340.64
334.37	26.608	165.01	160.92	521.52	749.98	758.36	17.518	488.22	265.38	621.99	383.11	239.18	504.55	365.26	345	671.76	672.11	386.3	81.756	247.61	119.32	604.69	546.56	654.41	697.06	174.84	515.2	42.076	272.03	552.49	349.22	440.84	656.62	307.41	431.53	581.15	185.89	692.88	724.14	725.49	432.27	524.95	356.17	190.45	680.27	681.66	466.54	95.711	457.82	431.13	259.72	309.62	625.71	597.66	710.86	463.51	677.23	683.43	514.57	470.82	93.251	250.07	118.36	766.28	117.93	54.455	45.143	578.26	64.022	357.91	0	32.38	63.361	426.83	432.58	458.55	496.31	496.64	451.87	26.936
